reset;
mass 0-m 1 100 -4 2.49748;
mass 0-m 1 100 -4 1.49775;
mass 0-m 1 100 -4 0.502234;
mass 0-m 1 100 -4 -0.497501;
mass 0-m 1 100 -3.00999 0.498847;
mass 0-m 1 100 -3.00999 1.50114;
mass 0-m 1 100 -3.00703 2.50297;
mass 0-m 1 100 -3.00703 -0.502982;
mass 0-m 1 100 -2.03193 0.49292;
mass 0-m 1 100 -2.03193 1.50708;
mass 0-m 1 100 -2.01881 -0.514905;
mass 0-m 1 100 -2.01881 2.51491;
mass 0-m 1 100 -1.07211 0.489842;
mass 0-m 1 100 -1.07211 1.51016;
mass 0-m 1 100 -1.0477 -0.528419;
mass 0-m 1 100 -1.04769 2.52842;
mass 0-m 1 100 -0.12209 0.490259;
mass 0-m 1 100 -0.122086 1.50972;
mass 0-m 1 100 -0.106418 -0.534427;
mass 0-m 1 100 -0.1064 2.53441;
mass 0-m 1 100 0.829505 -0.528953;
mass 0-m 1 100 0.829527 2.52891;
mass 0-m 1 100 0.830054 0.491524;
mass 0-m 1 100 0.83006 1.50843;
mass 0-m 1 100 1.78298 -0.512975;
mass 0-m 1 100 1.783 2.51291;
mass 0-m 1 100 1.79118 0.496257;
mass 0-m 1 100 1.79119 1.50368;
mass 0-m 1 100 2.75884 -0.495432;
mass 0-m 1 100 2.75886 2.49535;
mass 0-m 1 100 2.77144 0.501;
mass 0-m 1 100 2.77144 1.49892;
link 0-l 24 28 10 2.5 1 0 1e+010;
link 0-l 30 28 10 2.5 1 0 1e+010;
link 0-l 30 24 10 2.5 1 0 1e+010;
link 0-l 26 28 10 2.5 1 0 1e+010;
link 0-l 26 24 10 2.5 1 0 1e+010;
link 0-l 26 30 10 2.5 1 0 1e+010;
link 0-l 20 24 10 2.5 1 0 1e+010;
link 0-l 26 24 10 2.5 1 0 1e+010;
link 0-l 26 20 10 2.5 1 0 1e+010;
link 0-l 22 24 10 2.5 1 0 1e+010;
link 0-l 22 20 10 2.5 1 0 1e+010;
link 0-l 22 26 10 2.5 1 0 1e+010;
link 0-l 18 20 10 2.5 1 0 1e+010;
link 0-l 22 20 10 2.5 1 0 1e+010;
link 0-l 22 18 10 2.5 1 0 1e+010;
link 0-l 16 20 10 2.5 1 0 1e+010;
link 0-l 16 18 10 2.5 1 0 1e+010;
link 0-l 16 22 10 2.5 1 0 1e+010;
link 0-l 14 18 10 2.5 1 0 1e+010;
link 0-l 16 18 10 2.5 1 0 1e+010;
link 0-l 16 14 10 2.5 1 0 1e+010;
link 0-l 12 18 10 2.5 1 0 1e+010;
link 0-l 12 14 10 2.5 1 0 1e+010;
link 0-l 12 16 10 2.5 1 0 1e+010;
link 0-l 10 14 10 2.5 1 0 1e+010;
link 0-l 12 14 10 2.5 1 0 1e+010;
link 0-l 12 10 10 2.5 1 0 1e+010;
link 0-l 8 14 10 2.5 1 0 1e+010;
link 0-l 8 10 10 2.5 1 0 1e+010;
link 0-l 8 12 10 2.5 1 0 1e+010;
link 0-l 7 10 10 2.5 1 0 1e+010;
link 0-l 8 10 10 2.5 1 0 1e+010;
link 0-l 8 7 10 2.5 1 0 1e+010;
link 0-l 4 10 10 2.5 1 0 1e+010;
link 0-l 4 7 10 2.5 1 0 1e+010;
link 0-l 4 8 10 2.5 1 0 1e+010;
link 0-l 3 7 10 2.5 1 0 1e+010;
link 0-l 4 7 10 2.5 1 0 1e+010;
link 0-l 4 3 10 2.5 1 0 1e+010;
link 0-l 2 7 10 2.5 1 0 1e+010;
link 0-l 2 3 10 2.5 1 0 1e+010;
link 0-l 2 4 10 2.5 1 0 1e+010;
link 0-l 26 30 10 2.5 1 0 1e+010;
link 0-l 31 30 10 2.5 1 0 1e+010;
link 0-l 31 26 10 2.5 1 0 1e+010;
link 0-l 27 30 10 2.5 1 0 1e+010;
link 0-l 27 26 10 2.5 1 0 1e+010;
link 0-l 27 31 10 2.5 1 0 1e+010;
link 0-l 22 26 10 2.5 1 0 1e+010;
link 0-l 27 26 10 2.5 1 0 1e+010;
link 0-l 27 22 10 2.5 1 0 1e+010;
link 0-l 23 26 10 2.5 1 0 1e+010;
link 0-l 23 22 10 2.5 1 0 1e+010;
link 0-l 23 27 10 2.5 1 0 1e+010;
link 0-l 16 22 10 2.5 1 0 1e+010;
link 0-l 23 22 10 2.5 1 0 1e+010;
link 0-l 23 16 10 2.5 1 0 1e+010;
link 0-l 17 22 10 2.5 1 0 1e+010;
link 0-l 17 16 10 2.5 1 0 1e+010;
link 0-l 17 23 10 2.5 1 0 1e+010;
link 0-l 12 16 10 2.5 1 0 1e+010;
link 0-l 17 16 10 2.5 1 0 1e+010;
link 0-l 17 12 10 2.5 1 0 1e+010;
link 0-l 13 16 10 2.5 1 0 1e+010;
link 0-l 13 12 10 2.5 1 0 1e+010;
link 0-l 13 17 10 2.5 1 0 1e+010;
link 0-l 8 12 10 2.5 1 0 1e+010;
link 0-l 13 12 10 2.5 1 0 1e+010;
link 0-l 13 8 10 2.5 1 0 1e+010;
link 0-l 9 12 10 2.5 1 0 1e+010;
link 0-l 9 8 10 2.5 1 0 1e+010;
link 0-l 9 13 10 2.5 1 0 1e+010;
link 0-l 4 8 10 2.5 1 0 1e+010;
link 0-l 9 8 10 2.5 1 0 1e+010;
link 0-l 9 4 10 2.5 1 0 1e+010;
link 0-l 5 8 10 2.5 1 0 1e+010;
link 0-l 5 4 10 2.5 1 0 1e+010;
link 0-l 5 9 10 2.5 1 0 1e+010;
link 0-l 2 4 10 2.5 1 0 1e+010;
link 0-l 5 4 10 2.5 1 0 1e+010;
link 0-l 5 2 10 2.5 1 0 1e+010;
link 0-l 1 4 10 2.5 1 0 1e+010;
link 0-l 1 2 10 2.5 1 0 1e+010;
link 0-l 1 5 10 2.5 1 0 1e+010;
link 0-l 27 31 10 2.5 1 0 1e+010;
link 0-l 29 31 10 2.5 1 0 1e+010;
link 0-l 29 27 10 2.5 1 0 1e+010;
link 0-l 25 31 10 2.5 1 0 1e+010;
link 0-l 25 27 10 2.5 1 0 1e+010;
link 0-l 25 29 10 2.5 1 0 1e+010;
link 0-l 23 27 10 2.5 1 0 1e+010;
link 0-l 25 27 10 2.5 1 0 1e+010;
link 0-l 25 23 10 2.5 1 0 1e+010;
link 0-l 21 27 10 2.5 1 0 1e+010;
link 0-l 21 23 10 2.5 1 0 1e+010;
link 0-l 21 25 10 2.5 1 0 1e+010;
link 0-l 17 23 10 2.5 1 0 1e+010;
link 0-l 21 23 10 2.5 1 0 1e+010;
link 0-l 21 17 10 2.5 1 0 1e+010;
link 0-l 19 23 10 2.5 1 0 1e+010;
link 0-l 19 17 10 2.5 1 0 1e+010;
link 0-l 19 21 10 2.5 1 0 1e+010;
link 0-l 13 17 10 2.5 1 0 1e+010;
link 0-l 19 17 10 2.5 1 0 1e+010;
link 0-l 19 13 10 2.5 1 0 1e+010;
link 0-l 15 17 10 2.5 1 0 1e+010;
link 0-l 15 13 10 2.5 1 0 1e+010;
link 0-l 15 19 10 2.5 1 0 1e+010;
link 0-l 9 13 10 2.5 1 0 1e+010;
link 0-l 15 13 10 2.5 1 0 1e+010;
link 0-l 15 9 10 2.5 1 0 1e+010;
link 0-l 11 13 10 2.5 1 0 1e+010;
link 0-l 11 9 10 2.5 1 0 1e+010;
link 0-l 11 15 10 2.5 1 0 1e+010;
link 0-l 5 9 10 2.5 1 0 1e+010;
link 0-l 11 9 10 2.5 1 0 1e+010;
link 0-l 11 5 10 2.5 1 0 1e+010;
link 0-l 6 9 10 2.5 1 0 1e+010;
link 0-l 6 5 10 2.5 1 0 1e+010;
link 0-l 6 11 10 2.5 1 0 1e+010;
link 0-l 1 5 10 2.5 1 0 1e+010;
link 0-l 6 5 10 2.5 1 0 1e+010;
link 0-l 6 1 10 2.5 1 0 1e+010;
link 0-l 0 5 10 2.5 1 0 1e+010;
link 0-l 0 1 10 2.5 1 0 1e+010;
link 0-l 0 6 10 2.5 1 0 1e+010;
Xmin -4;
Xmax 4;
Ymin -4;
Ymax 4;
Zmin -4;
Zmax 4;
